Interface wlan0 has IP Address: 192.168.0.100
Free SD space = 26282.1MB
Interface wlan0 has IP Address: 192.168.0.100
Free SD space = 26282.1MB
$$HAM1,1,00:00:00,0.00000,0.00000,00000,0,0,0,0.0,0.0,27.8,1017*109E
$$HAM1,2,00:00:00,0.00000,0.00000,00000,0,0,0,0.0,0.0,27.8,1017*D2D7
$$HAM1,3,00:00:00,0.00000,0.00000,00000,0,0,0,0.0,0.0,27.8,1017*9310
$$HAM1,4,00:00:00,0.00000,0.00000,00000,0,0,0,0.0,0.0,27.8,1017*4664
$$HAM1,5,00:00:00,0.00000,0.00000,00000,0,0,0,0.0,0.0,27.8,1017*07A3
$$HAM1,6,00:00:00,0.00000,0.00000,00000,0,0,0,0.0,0.0,27.8,1017*C5EA
$$HAM1,7,00:00:00,0.00000,0.00000,00000,0,0,0,0.0,0.0,27.7,1017*412E
$$HAM1,8,00:00:00,0.00000,0.00000,00000,0,0,0,0.0,0.0,27.7,1017*BA20
$$HAM1,9,00:00:00,0.00000,0.00000,00000,0,0,0,0.0,0.0,27.7,1017*FBE7
$$HAM1,10,00:00:00,0.00000,0.00000,00000,0,0,0,0.0,0.0,27.7,1017*30EE
$$HAM1,11,00:00:00,0.00000,0.00000,00000,0,0,0,0.0,0.0,27.7,1017*7129
$$HAM1,12,00:00:00,0.00000,0.00000,00000,0,0,0,0.0,0.0,27.7,1017*B360
$$HAM1,13,00:00:00,0.00000,0.00000,00000,0,0,0,0.0,0.0,27.7,1017*F2A7
$$HAM1,14,00:00:00,0.00000,0.00000,00000,0,0,0,0.0,0.0,27.7,1017*27D3
$$HAM1,15,00:00:00,0.00000,0.00000,00000,0,0,0,0.0,0.0,27.7,1017*6614
$$HAM1,16,00:00:00,0.00000,0.00000,00000,0,0,0,0.0,0.0,27.7,1017*A45D
$$HAM1,17,00:00:00,0.00000,0.00000,00000,0,0,0,0.0,0.0,27.7,1017*E59A
$$HAM1,18,00:00:00,0.00000,0.00000,00000,0,0,0,0.0,0.0,27.7,1017*1E94
$$HAM1,19,00:00:00,0.00000,0.00000,00000,0,0,0,0.0,0.0,27.7,1017*5F53
$$HAM1,20,00:00:00,0.00000,0.00000,00000,0,0,0,0.0,0.0,27.7,1017*80E0
$$HAM1,21,00:00:00,0.00000,0.00000,00000,0,0,0,0.0,0.0,27.7,1017*C127
$$HAM1,22,00:00:00,0.00000,0.00000,00000,0,0,0,0.0,0.0,27.7,1017*036E
$$HAM1,23,00:00:00,0.00000,0.00000,00000,0,0,0,0.0,0.0,27.7,1017*42A9
$$HAM1,24,00:00:00,0.00000,0.00000,00000,0,0,0,0.0,0.0,27.7,1017*97DD
Interface wlan0 has IP Address: 192.168.0.100
Free SD space = 26281.4MB
Interface wlan0 has IP Address: 192.168.0.100
Free SD space = 26281.3MB
$$HAM1,1,00:00:00,0.00000,0.00000,00000,0,0,0,0.0,0.0,27.5,1017*5EDD
$$HAM1,2,00:00:00,0.00000,0.00000,00000,0,0,0,0.0,0.0,27.5,1017*9C94
$$HAM1,3,00:00:00,0.00000,0.00000,00000,0,0,0,0.0,0.0,27.5,1017*DD53
$$HAM1,4,00:00:00,0.00000,0.00000,00000,0,0,0,0.0,0.0,27.5,1017*0827
$$HAM1,5,00:00:00,0.00000,0.00000,00000,0,0,0,0.0,0.0,27.5,1017*49E0
$$HAM1,6,00:00:00,0.00000,0.00000,00000,0,0,0,0.0,0.0,27.5,1017*8BA9
$$HAM1,7,00:00:00,0.00000,0.00000,00000,0,0,0,0.0,0.0,27.5,1017*CA6E
$$HAM1,8,00:00:00,0.00000,0.00000,00000,0,0,0,0.0,0.0,27.5,1017*3160
$$HAM1,9,00:00:00,0.00000,0.00000,00000,0,0,0,0.0,0.0,27.5,1017*70A7
$$HAM1,10,00:00:00,0.00000,0.00000,00000,0,0,0,0.0,0.0,27.5,1017*BBAE
$$HAM1,11,00:00:00,0.00000,0.00000,00000,0,0,0,0.0,0.0,27.5,1017*FA69
$$HAM1,12,00:00:00,0.00000,0.00000,00000,0,0,0,0.0,0.0,27.5,1017*3820
$$HAM1,13,00:00:00,0.00000,0.00000,00000,0,0,0,0.0,0.0,27.5,1017*79E7
$$HAM1,14,00:00:00,0.00000,0.00000,00000,0,0,0,0.0,0.0,27.5,1017*AC93
Interface wlan0 has IP Address: 192.168.0.100
Free SD space = 26281.0MB
Interface wlan0 has IP Address: 192.168.0.100
Free SD space = 26280.9MB
$$HAM1,1,00:00:00,0.00000,0.00000,00000,0,0,0,0.0,0.0,27.6,1017*903D
$$HAM1,2,00:00:00,0.00000,0.00000,00000,0,0,0,0.0,0.0,27.6,1017*5274
$$HAM1,3,00:00:00,0.00000,0.00000,00000,0,0,0,0.0,0.0,27.6,1017*13B3
$$HAM1,4,00:00:00,0.00000,0.00000,00000,0,0,0,0.0,0.0,27.6,1017*C6C7
$$HAM1,5,00:00:00,0.00000,0.00000,00000,0,0,0,0.0,0.0,27.6,1017*8700
$$HAM1,6,00:00:00,0.00000,0.00000,00000,0,0,0,0.0,0.0,27.6,1017*4549
$$HAM1,7,00:00:00,0.00000,0.00000,00000,0,0,0,0.0,0.0,27.6,1017*048E
$$HAM1,8,00:00:00,0.00000,0.00000,00000,0,0,0,0.0,0.0,27.6,1017*FF80
$$HAM1,9,00:00:00,0.00000,0.00000,00000,0,0,0,0.0,0.0,27.6,1017*BE47
$$HAM1,10,00:00:00,0.00000,0.00000,00000,0,0,0,0.0,0.0,27.6,1017*754E
Interface wlan0 has IP Address: 192.168.0.100
Free SD space = 26281.0MB
Interface wlan0 has IP Address: 192.168.0.100
Free SD space = 26280.9MB
$$HAM1,1,00:00:00,0.00000,0.00000,00000,0,0,0,0.0,0.0,27.7,1017*D59D
$$HAM1,2,00:00:00,0.00000,0.00000,00000,0,0,0,0.0,0.0,27.7,1017*17D4
$$HAM1,3,00:00:00,0.00000,0.00000,00000,0,0,0,0.0,0.0,27.7,1017*5613
$$HAM1,4,00:00:00,0.00000,0.00000,00000,0,0,0,0.0,0.0,27.7,1017*8367
$$HAM1,5,00:00:00,0.00000,0.00000,00000,0,0,0,0.0,0.0,27.7,1017*C2A0
$$HAM1,6,00:00:00,0.00000,0.00000,00000,0,0,0,0.0,0.0,27.7,1017*00E9
$$HAM1,7,00:00:00,0.00000,0.00000,00000,0,0,0,0.0,0.0,27.7,1017*412E
$$HAM1,8,00:00:00,0.00000,0.00000,00000,0,0,0,0.0,0.0,27.7,1017*BA20
$$HAM1,9,00:00:00,0.00000,0.00000,00000,0,0,0,0.0,0.0,27.7,1017*FBE7
$$HAM1,10,00:00:00,0.00000,0.00000,00000,0,0,0,0.0,0.0,27.7,1017*30EE
$$HAM1,11,00:00:00,0.00000,0.00000,00000,0,0,0,0.0,0.0,27.7,1017*7129
$$HAM1,12,00:00:00,0.00000,0.00000,00000,0,0,0,0.0,0.0,27.7,1017*B360
$$HAM1,13,00:00:00,0.00000,0.00000,00000,0,0,0,0.0,0.0,27.7,1017*F2A7
$$HAM1,14,00:00:00,0.00000,0.00000,00000,0,0,0,0.0,0.0,27.7,1017*27D3
$$HAM1,15,00:00:00,0.00000,0.00000,00000,0,0,0,0.0,0.0,27.7,1017*6614
$$HAM1,16,00:00:00,0.00000,0.00000,00000,0,0,0,0.0,0.0,27.7,1017*A45D
$$HAM1,17,00:00:00,0.00000,0.00000,00000,0,0,0,0.0,0.0,27.7,1017*E59A
$$HAM1,18,00:00:00,0.00000,0.00000,00000,0,0,0,0.0,0.0,27.7,1017*1E94
$$HAM1,19,00:00:00,0.00000,0.00000,00000,0,0,0,0.0,0.0,27.7,1017*5F53
$$HAM1,20,00:00:00,0.00000,0.00000,00000,0,0,0,0.0,0.0,27.7,1017*80E0
$$HAM1,21,00:00:00,0.00000,0.00000,00000,0,0,0,0.0,0.0,27.7,1017*C127
$$HAM1,22,00:00:00,0.00000,0.00000,00000,0,0,0,0.0,0.0,27.7,1017*036E
$$HAM1,23,00:00:00,0.00000,0.00000,00000,0,0,0,0.0,0.0,27.7,1017*42A9
$$HAM1,24,00:00:00,0.00000,0.00000,00000,0,0,0,0.0,0.0,27.7,1017*97DD
$$HAM1,25,00:00:00,0.00000,0.00000,00000,0,0,0,0.0,0.0,27.7,1017*D61A
$$HAM1,26,00:00:00,0.00000,0.00000,00000,0,0,0,0.0,0.0,27.7,1017*1453
$$HAM1,27,00:00:00,0.00000,0.00000,00000,0,0,0,0.0,0.0,27.7,1017*5594
$$HAM1,28,00:00:00,0.00000,0.00000,00000,0,0,0,0.0,0.0,27.7,1017*AE9A
$$HAM1,29,00:00:00,0.00000,0.00000,00000,0,0,0,0.0,0.0,27.7,1017*EF5D
$$HAM1,30,00:00:00,0.00000,0.00000,00000,0,0,0,0.0,0.0,27.7,1017*1F05
$$HAM1,31,00:00:00,0.00000,0.00000,00000,0,0,0,0.0,0.0,27.6,1017*1B62
$$HAM1,32,00:00:00,0.00000,0.00000,00000,0,0,0,0.0,0.0,27.6,1017*D92B
$$HAM1,33,00:00:00,0.00000,0.00000,00000,0,0,0,0.0,0.0,27.6,1017*98EC
$$HAM1,34,00:00:00,0.00000,0.00000,00000,0,0,0,0.0,0.0,27.6,1017*4D98
$$HAM1,35,00:00:00,0.00000,0.00000,00000,0,0,0,0.0,0.0,27.6,1017*0C5F
$$HAM1,36,00:00:00,0.00000,0.00000,00000,0,0,0,0.0,0.0,27.6,1017*CE16
$$HAM1,37,00:00:00,0.00000,0.00000,00000,0,0,0,0.0,0.0,27.6,1017*8FD1
$$HAM1,38,00:00:00,0.00000,0.00000,00000,0,0,0,0.0,0.0,27.6,1017*74DF
$$HAM1,39,00:00:00,0.00000,0.00000,00000,0,0,0,0.0,0.0,27.6,1017*3518
$$HAM1,40,00:00:00,0.00000,0.00000,00000,0,0,0,0.0,0.0,27.6,1017*B57D
$$HAM1,41,00:00:00,0.00000,0.00000,00000,0,0,0,0.0,0.0,27.6,1017*F4BA
$$HAM1,42,00:00:00,0.00000,0.00000,00000,0,0,0,0.0,0.0,27.6,1017*36F3
$$HAM1,43,00:00:00,0.00000,0.00000,00000,0,0,0,0.0,0.0,27.6,1017*7734
$$HAM1,44,00:00:00,0.00000,0.00000,00000,0,0,0,0.0,0.0,27.6,1017*A240
$$HAM1,45,00:00:00,0.00000,0.00000,00000,0,0,0,0.0,0.0,27.6,1017*E387
$$HAM1,46,00:00:00,0.00000,0.00000,00000,0,0,0,0.0,0.0,27.6,1017*21CE
$$HAM1,47,00:00:00,0.00000,0.00000,00000,0,0,0,0.0,0.0,27.6,1017*6009
$$HAM1,48,00:00:00,0.00000,0.00000,00000,0,0,0,0.0,0.0,27.6,1017*9B07
$$HAM1,49,00:00:00,0.00000,0.00000,00000,0,0,0,0.0,0.0,27.6,1017*DAC0
$$HAM1,50,00:00:00,0.00000,0.00000,00000,0,0,0,0.0,0.0,27.6,1017*2A98
$$HAM1,51,00:00:00,0.00000,0.00000,00000,0,0,0,0.0,0.0,27.6,1017*6B5F
$$HAM1,52,00:00:00,0.00000,0.00000,00000,0,0,0,0.0,0.0,27.6,1017*A916
$$HAM1,53,00:00:00,0.00000,0.00000,00000,0,0,0,0.0,0.0,27.6,1017*E8D1
$$HAM1,54,00:00:00,0.00000,0.00000,00000,0,0,0,0.0,0.0,27.6,1017*3DA5
$$HAM1,55,00:00:00,0.00000,0.00000,00000,0,0,0,0.0,0.0,27.6,1017*7C62
$$HAM1,56,00:00:00,0.00000,0.00000,00000,0,0,0,0.0,0.0,27.6,1017*BE2B
$$HAM1,57,00:00:00,0.00000,0.00000,00000,0,0,0,0.0,0.0,27.6,1017*FFEC
Interface wlan0 has IP Address: 192.168.0.100
Free SD space = 26279.0MB
Interface wlan0 has IP Address: 192.168.0.100
Free SD space = 26279.0MB
$$HAM1,1,17:53:38,53.06900,-0.81314,00020,0,0,11,0.0,0.0,26.2,1017*DF18
$$HAM1,2,17:53:41,53.06900,-0.81314,00020,0,0,11,0.0,0.0,26.2,1017*6C65
$$HAM1,3,17:53:43,53.06900,-0.81314,00020,0,0,11,0.0,0.0,26.1,1017*2337
$$HAM1,4,17:53:46,53.06900,-0.81314,00020,0,0,11,0.0,0.0,26.1,1017*3260
$$HAM1,5,17:53:49,53.06900,-0.81314,00020,0,0,11,0.0,0.0,26.1,1017*7BCC
$$HAM1,6,17:53:51,53.06900,-0.81314,00019,0,0,11,0.0,0.0,26.1,1017*F3AA
$$HAM1,7,17:53:54,53.06900,-0.81314,00019,0,0,10,0.0,0.0,26.1,1017*D345
$$HAM1,8,17:53:57,53.06900,-0.81314,00018,0,0,10,0.0,0.0,26.1,1017*7912
$$HAM1,9,17:53:59,53.06900,-0.81314,00018,0,0,10,0.0,0.0,26.1,1017*22C8
$$HAM1,10,17:54:02,53.06900,-0.81313,00018,0,0,10,0.0,0.0,26.1,1017*AF86
$$HAM1,11,17:54:05,53.06900,-0.81313,00017,0,0,10,0.0,0.0,26.1,1017*3373
Interface wlan0 has IP Address: 192.168.0.100
Free SD space = 26278.7MB
Interface wlan0 has IP Address: 192.168.0.100
Free SD space = 26278.7MB
$$HAM1,1,17:57:16,53.06902,-0.81312,00017,0,0,9,0.0,0.0,26.1,1017*41FF
$$HAM1,2,17:57:19,53.06902,-0.81312,00017,0,0,9,0.0,0.0,26.1,1017*51FE
$$HAM1,3,17:57:21,53.06902,-0.81312,00017,0,0,10,0.0,0.0,26.1,1017*A3C7
$$HAM1,4,17:57:24,53.06902,-0.81313,00017,0,0,10,0.0,0.0,26.1,1017*EBD6
$$HAM1,5,17:57:27,53.06902,-0.81313,00018,0,0,10,0.0,0.0,26.1,1017*3EFB
$$HAM1,6,17:57:29,53.06902,-0.81313,00018,0,0,10,0.0,0.0,26.1,1017*3FBC
$$HAM1,7,17:57:32,53.06902,-0.81313,00018,0,0,9,0.0,0.0,26.1,1017*B8B0
$$HAM1,8,17:57:35,53.06903,-0.81313,00017,0,0,9,0.0,0.0,26.1,1017*BF71
$$HAM1,9,17:57:37,53.06903,-0.81313,00017,0,0,9,0.0,0.0,26.1,1017*42CE
$$HAM1,10,17:57:40,53.06903,-0.81313,00018,0,0,9,0.0,0.0,26.1,1017*A19B
$$HAM1,11,17:57:42,53.06903,-0.81313,00018,0,0,9,0.0,0.0,26.1,1017*5C24
$$HAM1,12,17:57:45,53.06902,-0.81314,00018,0,0,9,0.0,0.0,26.1,1017*83B8
$$HAM1,13,17:57:48,53.06902,-0.81314,00018,0,0,10,0.0,0.0,26.1,1017*99C3
$$HAM1,14,17:57:50,53.06902,-0.81314,00018,0,0,10,0.0,0.0,26.1,1017*04F9
$$HAM1,15,17:57:53,53.06902,-0.81314,00018,0,0,10,0.0,0.0,26.0,1017*D29D
$$HAM1,16,17:57:56,53.06902,-0.81314,00019,0,0,10,0.0,0.0,26.0,1017*DA91
$$HAM1,17,17:57:58,53.06902,-0.81314,00019,0,0,10,0.0,0.0,26.0,1017*814B
$$HAM1,18,17:58:01,53.06902,-0.81314,00020,0,0,10,0.0,0.0,26.1,1017*308A
$$HAM1,19,17:58:04,53.06902,-0.81315,00020,0,0,10,0.0,0.0,26.1,1017*973C
$$HAM1,20,17:58:07,53.06902,-0.81315,00020,0,0,10,0.0,0.0,26.1,1017*A35D
$$HAM1,21,17:58:09,53.06902,-0.81314,00020,0,0,10,0.0,0.0,26.1,1017*A1C1
$$HAM1,22,17:58:12,53.06902,-0.81314,00020,0,0,10,0.0,0.0,26.0,1017*FAFB
$$HAM1,23,17:58:15,53.06902,-0.81314,00020,0,0,10,0.0,0.0,26.0,1017*20E7
$$HAM1,24,17:58:17,53.06902,-0.81314,00020,0,0,10,0.0,0.0,26.0,1017*4EF2
$$HAM1,25,17:58:20,53.06902,-0.81314,00020,0,0,10,0.0,0.0,26.0,1017*587B
$$HAM1,26,17:58:23,53.06902,-0.81314,00019,0,0,10,0.0,0.0,26.0,1017*3144
$$HAM1,27,17:58:25,53.06902,-0.81314,00019,0,0,10,0.0,0.0,26.0,1017*F92E
$$HAM1,28,17:58:28,53.06902,-0.81314,00019,0,0,10,0.0,0.0,26.0,1017*019C
$$HAM1,29,17:58:31,53.06902,-0.81314,00019,0,0,9,0.0,0.0,26.0,1017*1F92
$$HAM1,30,17:58:33,53.06901,-0.81315,00019,0,0,10,0.0,0.0,26.0,1017*A198
$$HAM1,31,17:58:36,53.06901,-0.81315,00019,0,0,9,0.0,0.0,26.0,1017*EF43
$$HAM1,32,17:58:39,53.06901,-0.81314,00018,0,0,9,0.0,0.0,26.0,1017*34DF
$$HAM1,33,17:58:41,53.06901,-0.81314,00018,0,0,9,0.0,0.0,26.0,1017*674E
$$HAM1,34,17:58:44,53.06901,-0.81314,00017,0,0,9,0.0,0.0,26.0,1017*1EF6
$$HAM1,35,17:58:47,53.06902,-0.81314,00017,0,0,10,0.0,0.0,26.0,1017*5F93
$$HAM1,36,17:58:49,53.06902,-0.81314,00017,0,0,10,0.0,0.0,26.0,1017*5ED4
$$HAM1,37,17:58:52,53.06902,-0.81314,00017,0,0,10,0.0,0.0,26.1,1017*5F73
$$HAM1,38,17:58:55,53.06902,-0.81314,00017,0,0,10,0.0,0.0,26.1,1017*109D
$$HAM1,39,17:58:57,53.06902,-0.81314,00016,0,0,10,0.0,0.0,26.1,1017*3D4E
$$HAM1,40,17:59:00,53.06902,-0.81314,00016,0,0,10,0.0,0.0,26.1,1017*47EB
$$HAM1,41,17:59:03,53.06902,-0.81314,00016,0,0,10,0.0,0.0,26.1,1017*D42F
$$HAM1,42,17:59:05,53.06902,-0.81314,00015,0,0,10,0.0,0.0,26.1,1017*A25A
$$HAM1,43,17:59:08,53.06902,-0.81314,00015,0,0,10,0.0,0.0,26.1,1017*CF1A
$$HAM1,44,17:59:11,53.06901,-0.81314,00015,0,0,10,0.0,0.0,26.1,1017*9957
$$HAM1,45,17:59:13,53.06901,-0.81314,00016,0,0,10,0.0,0.0,26.1,1017*FC67
$$HAM1,46,17:59:16,53.06901,-0.81314,00015,0,0,10,0.0,0.0,26.1,1017*BC88
$$HAM1,47,17:59:19,53.06901,-0.81314,00015,0,0,10,0.0,0.0,26.1,1017*F524
$$HAM1,48,17:59:22,53.06901,-0.81315,00015,0,0,10,0.0,0.0,26.1,1017*F571
$$HAM1,49,17:59:24,53.06901,-0.81315,00015,0,0,10,0.0,0.0,26.1,1017*3D1B
$$HAM1,50,17:59:27,53.06901,-0.81315,00015,0,0,9,0.0,0.0,26.1,1017*0D53
$$HAM1,51,17:59:30,53.06901,-0.81315,00015,0,0,8,0.0,0.0,26.1,1017*5433
$$HAM1,52,17:59:32,53.06901,-0.81315,00016,0,0,8,0.0,0.0,26.1,1017*59DD
$$HAM1,53,17:59:35,53.06901,-0.81315,00016,0,0,9,0.0,0.0,26.1,1017*12CB
$$HAM1,54,17:59:37,53.06901,-0.81315,00016,0,0,9,0.0,0.0,26.1,1017*ACE3
$$HAM1,55,17:59:40,53.06901,-0.81315,00016,0,0,7,0.0,0.0,26.1,1017*3296
$$HAM1,56,17:59:43,53.06901,-0.81315,00015,0,0,9,0.0,0.0,26.1,1017*F622
$$HAM1,57,17:59:45,53.06901,-0.81316,00016,0,0,10,0.0,0.0,26.1,1017*8793
$$HAM1,58,17:59:48,53.06901,-0.81316,00015,0,0,8,0.0,0.0,26.1,1017*7FCC
$$HAM1,59,17:59:51,53.06901,-0.81316,00016,0,0,8,0.0,0.0,26.1,1017*32D1
Interface wlan0 has IP Address: 192.168.0.100
Free SD space = 26277.8MB
Interface wlan0 has IP Address: 192.168.0.100
Free SD space = 26277.7MB
$$PIGPEN,1,18:00:44,53.06900,-0.81316,00015,0,0,9,0.0,0.0,26.1,1017*694B
$$PIGPEN,2,18:00:47,53.06900,-0.81316,00016,0,0,9,0.0,0.0,26.1,1017*D9C1
$$PIGPEN,3,18:00:50,53.06900,-0.81315,00016,0,0,10,0.0,0.0,26.1,1017*0399
$$PIGPEN,4,18:00:52,53.06900,-0.81315,00016,0,0,9,0.0,0.0,26.1,1017*62CC
$$PIGPEN,5,18:00:55,53.06900,-0.81315,00016,0,0,10,0.0,0.0,26.1,1017*B790
$$PIGPEN,6,18:00:58,53.06900,-0.81315,00016,0,0,8,0.0,0.0,26.1,1017*5332
Interface wlan0 has IP Address: 192.168.0.100
Free SD space = 26277.4MB
Interface wlan0 has IP Address: 192.168.0.100
Free SD space = 26277.4MB
$$PIGPEN,1,18:24:06,53.06902,-0.81314,00021,0,0,8,0.0,0.0,25.3,1017*06C1
$$PIGPEN,2,18:24:09,53.06902,-0.81314,00021,0,0,8,0.0,0.0,25.3,1017*16C0
$$PIGPEN,3,18:24:12,53.06902,-0.81314,00021,0,0,8,0.0,0.0,25.3,1017*FFE8
$$PIGPEN,4,18:24:14,53.06902,-0.81314,00021,0,0,8,0.0,0.0,25.3,1017*9412
$$PIGPEN,5,18:24:17,53.06902,-0.81314,00021,0,0,8,0.0,0.0,25.3,1017*D4C9
$$PIGPEN,6,18:24:20,53.06902,-0.81314,00021,0,0,8,0.0,0.0,25.3,1017*49D7
$$PIGPEN,7,18:24:22,53.06902,-0.81314,00021,0,0,8,0.0,0.0,25.3,1017*B468
$$PIGPEN,8,18:24:25,53.06902,-0.81314,00021,0,0,8,0.0,0.0,25.3,1017*98C2
$$PIGPEN,9,18:24:28,53.06902,-0.81314,00021,0,0,8,0.0,0.0,25.3,1017*DCA7
$$PIGPEN,10,18:24:31,53.06902,-0.81313,00021,0,0,8,0.0,0.0,25.3,1017*E9B1
$$PIGPEN,11,18:24:33,53.06902,-0.81313,00021,0,0,8,0.0,0.0,25.3,1017*140E
$$PIGPEN,12,18:24:36,53.06902,-0.81313,00021,0,0,8,0.0,0.0,25.3,1017*D563
$$PIGPEN,13,18:24:39,53.06902,-0.81313,00022,0,0,8,0.0,0.0,25.3,1017*3533
$$PIGPEN,14,18:24:41,53.06902,-0.81313,00021,0,0,8,0.0,0.0,25.3,1017*EBE9
Interface wlan0 has IP Address: 192.168.0.100
Free SD space = 26277.2MB
Interface wlan0 has IP Address: 192.168.0.100
Free SD space = 26277.2MB
$$PIGPEN,1,18:25:58,53.06902,-0.81311,00021,0,0,8,0.0,0.0,25.3,1017*B45E
$$PIGPEN,2,18:26:00,53.06902,-0.81311,00021,0,0,8,0.0,0.0,25.3,1017*706E
$$PIGPEN,3,18:26:03,53.06902,-0.81311,00021,0,0,8,0.0,0.0,25.3,1017*30B5
$$PIGPEN,4,18:26:06,53.06902,-0.81311,00021,0,0,8,0.0,0.0,25.3,1017*8CC2
$$PIGPEN,5,18:26:08,53.06902,-0.81311,00021,0,0,8,0.0,0.0,25.3,1017*1F2A
$$PIGPEN,6,18:26:11,53.06902,-0.81311,00021,0,0,8,0.0,0.0,25.3,1017*A266
$$PIGPEN,7,18:26:14,53.06902,-0.81311,00021,0,0,8,0.0,0.0,25.3,1017*5D86
Interface wlan0 has IP Address: 192.168.0.100
Free SD space = 26276.9MB
Interface wlan0 has IP Address: 192.168.0.100
Free SD space = 26276.9MB
$$PIGPEN,1,18:31:01,53.06903,-0.81311,00019,0,0,8,0.0,0.0,25.2,1017*D9A8
$$PIGPEN,2,18:31:04,53.06903,-0.81311,00019,0,0,8,0.0,0.0,25.2,1017*18C5
$$PIGPEN,3,18:31:06,53.06903,-0.81311,00019,0,0,8,0.0,0.0,25.2,1017*E57A
$$PIGPEN,4,18:31:09,53.06903,-0.81311,00020,0,0,7,0.0,0.0,25.2,1017*8E94
$$PIGPEN,5,18:31:12,53.06903,-0.81311,00020,0,0,7,0.0,0.0,25.2,1017*67BC
$$PIGPEN,6,18:31:14,53.06903,-0.81311,00020,0,0,7,0.0,0.0,25.2,1017*715C
$$PIGPEN,7,18:31:17,53.06903,-0.81311,00020,0,0,7,0.0,0.0,25.2,1017*3187
Interface wlan0 has IP Address: 192.168.0.100
Free SD space = 26276.7MB
Interface wlan0 has IP Address: 192.168.0.100
Free SD space = 26276.6MB
$$PIGPEN,1,18:37:11,53.06903,-0.81312,00016,0,0,9,0.0,0.0,25.0,1018*235A
$$PIGPEN,2,18:37:14,53.06903,-0.81312,00016,0,0,9,0.0,0.0,25.0,1018*E237
$$PIGPEN,3,18:37:16,53.06903,-0.81312,00016,0,0,8,0.0,0.0,25.0,1017*3078
$$PIGPEN,4,18:37:19,53.06903,-0.81312,00016,0,0,8,0.0,0.0,25.0,1017*5D63
$$PIGPEN,5,18:37:22,53.06903,-0.81312,00017,0,0,9,0.0,0.0,25.0,1017*0B0C
$$PIGPEN,6,18:37:25,53.06903,-0.81312,00017,0,0,9,0.0,0.0,25.0,1017*A088
$$PIGPEN,7,18:37:27,53.06903,-0.81312,00017,0,0,9,0.0,0.0,25.0,1017*5D37
$$PIGPEN,8,18:37:30,53.06903,-0.81312,00017,0,0,9,0.0,0.0,25.0,1017*63EB
$$PIGPEN,9,18:37:33,53.06903,-0.81313,00016,0,0,9,0.0,0.0,25.0,1017*E8AD
$$PIGPEN,10,18:37:35,53.06903,-0.81313,00016,0,0,9,0.0,0.0,25.0,1017*ECAB
$$PIGPEN,11,18:37:38,53.06903,-0.81312,00016,0,0,9,0.0,0.0,25.0,1018*D708
$$PIGPEN,12,18:37:41,53.06903,-0.81312,00017,0,0,9,0.0,0.0,25.0,1018*42C4
$$PIGPEN,13,18:37:43,53.06903,-0.81313,00017,0,0,9,0.0,0.0,25.0,1018*3152
$$PIGPEN,14,18:37:46,53.06902,-0.81313,00017,0,0,9,0.0,0.0,25.0,1018*6381
$$PIGPEN,15,18:37:49,53.06902,-0.81313,00017,0,0,9,0.0,0.0,25.0,1018*4D0D
$$PIGPEN,16,18:37:52,53.06902,-0.81313,00017,0,0,9,0.0,0.0,25.0,1018*9AA8
$$PIGPEN,17,18:37:54,53.06902,-0.81313,00017,0,0,9,0.0,0.0,25.0,1018*B2C5
$$PIGPEN,18,18:37:57,53.06902,-0.81313,00017,0,0,9,0.0,0.0,24.9,1017*B563
Interface wlan0 has IP Address: 192.168.0.100
Free SD space = 26282.8MB
Interface wlan0 has IP Address: 192.168.0.100
Free SD space = 26282.8MB
$$PIGPEN,1,18:39:57,53.06902,-0.81313,00020,0,0,9,0.0,0.0,25.0,1018*3DED
$$PIGPEN,2,18:39:59,53.06902,-0.81313,00020,0,0,8,0.0,0.0,25.0,1018*4E97
$$PIGPEN,3,18:40:02,53.06902,-0.81313,00019,0,0,9,0.0,0.0,25.0,1018*9218
$$PIGPEN,4,18:40:05,53.06903,-0.81313,00019,0,0,9,0.0,0.0,25.0,1018*AA22
Interface wlan0 has IP Address: 192.168.0.100
Free SD space = 26282.6MB
Interface wlan0 has IP Address: 192.168.0.100
Free SD space = 26282.6MB
$$PIGPEN,1,18:41:44,53.06903,-0.81313,00023,0,0,8,0.0,0.0,24.9,1018*7CB4
$$PIGPEN,2,18:41:47,53.06903,-0.81313,00023,0,0,9,0.0,0.0,24.9,1018*DCFD
$$PIGPEN,3,18:41:49,53.06903,-0.81313,00023,0,0,8,0.0,0.0,24.9,1018*910A
$$PIGPEN,4,18:41:52,53.06903,-0.81313,00023,0,0,9,0.0,0.0,24.9,1018*E5AA
$$PIGPEN,5,18:41:55,53.06903,-0.81313,00023,0,0,8,0.0,0.0,24.9,1018*AEBC
Interface wlan0 has IP Address: 192.168.0.100
Free SD space = 26282.8MB
Interface wlan0 has IP Address: 192.168.0.100
Free SD space = 26282.8MB
$$PIGPEN,1,18:44:48,53.06903,-0.81314,00020,0,0,8,0.0,0.0,25.0,1018*CFD3
$$PIGPEN,2,18:44:50,53.06903,-0.81314,00020,0,0,8,0.0,0.0,25.0,1018*CFFB
$$PIGPEN,3,18:44:53,53.06903,-0.81314,00020,0,0,9,0.0,0.0,24.9,1018*5E0E
$$PIGPEN,4,18:44:56,53.06903,-0.81314,00020,0,0,9,0.0,0.0,24.9,1018*E279
$$PIGPEN,5,18:44:58,53.06903,-0.81314,00020,0,0,9,0.0,0.0,24.9,1018*7191
$$PIGPEN,6,18:45:01,53.06903,-0.81314,00020,0,0,9,0.0,0.0,24.9,1018*FE45
$$PIGPEN,7,18:45:04,53.06903,-0.81314,00020,0,0,9,0.0,0.0,24.9,1018*01A5
$$PIGPEN,8,18:45:07,53.06903,-0.81314,00020,0,0,9,0.0,0.0,24.9,1018*F8DD
$$PIGPEN,9,18:45:09,53.06903,-0.81314,00020,0,0,9,0.0,0.0,24.9,1018*6B35
$$PIGPEN,10,18:45:12,53.06903,-0.81314,00020,0,0,9,0.0,0.0,24.9,1018*AE76
$$PIGPEN,11,18:45:15,53.06903,-0.81314,00020,0,0,9,0.0,0.0,25.0,1018*344E
$$PIGPEN,12,18:45:17,53.06903,-0.81314,00020,0,0,9,0.0,0.0,25.0,1018*F77C
$$PIGPEN,13,18:45:20,53.06903,-0.81314,00020,0,0,9,0.0,0.0,25.0,1018*54EF
$$PIGPEN,14,18:45:23,53.06903,-0.81314,00020,0,0,9,0.0,0.0,25.0,1018*57A3
$$PIGPEN,15,18:45:25,53.06903,-0.81315,00021,0,0,9,0.0,0.0,25.0,1018*B453
$$PIGPEN,16,18:45:28,53.06903,-0.81315,00021,0,0,9,0.0,0.0,25.0,1018*CEBB
$$PIGPEN,17,18:45:31,53.06903,-0.81315,00021,0,0,9,0.0,0.0,25.0,1018*4D7A
$$PIGPEN,18,18:45:34,53.06903,-0.81315,00021,0,0,9,0.0,0.0,25.0,1018*0B39
$$PIGPEN,19,18:45:36,53.06903,-0.81315,00021,0,0,9,0.0,0.0,25.0,1018*F686
$$PIGPEN,20,18:45:39,53.06903,-0.81315,00021,0,0,9,0.0,0.0,25.0,1018*DDFD
$$PIGPEN,21,18:45:42,53.06903,-0.81315,00021,0,0,9,0.0,0.0,25.0,1018*59E1
$$PIGPEN,22,18:45:45,53.06903,-0.81315,00021,0,0,9,0.0,0.0,25.0,1018*F265
$$PIGPEN,23,18:45:47,53.06903,-0.81315,00021,0,0,9,0.0,0.0,25.0,1018*0FDA
$$PIGPEN,24,18:45:50,53.06903,-0.81315,00021,0,0,9,0.0,0.0,25.0,1018*CB32
$$PIGPEN,25,18:45:53,53.06903,-0.81315,00021,0,0,8,0.0,0.0,25.0,1018*55F6
$$PIGPEN,26,18:45:56,53.06903,-0.81315,00022,0,0,9,0.0,0.0,25.0,1018*8458
$$PIGPEN,27,18:45:58,53.06903,-0.81315,00022,0,0,9,0.0,0.0,25.0,1018*17B0
$$PIGPEN,28,18:46:01,53.06903,-0.81315,00022,0,0,9,0.0,0.0,25.0,1018*E9CA
$$PIGPEN,29,18:46:04,53.06903,-0.81316,00022,0,0,8,0.0,0.0,25.0,1018*4A6F
$$PIGPEN,30,18:46:06,53.06902,-0.81316,00022,0,0,8,0.0,0.0,25.0,1018*061E
$$PIGPEN,31,18:46:09,53.06902,-0.81316,00022,0,0,8,0.0,0.0,25.0,1018*2892
$$PIGPEN,32,18:46:12,53.06902,-0.81316,00023,0,0,8,0.0,0.0,25.0,1018*BA83
Interface wlan0 has IP Address: 192.168.0.100
Free SD space = 26282.3MB
Interface wlan0 has IP Address: 192.168.0.100
Free SD space = 26282.2MB
$$PIGPEN,1,18:50:32,53.06901,-0.81315,00020,0,0,9,0.0,0.0,24.9,1018*814E
$$PIGPEN,2,18:50:34,53.06901,-0.81315,00021,0,0,8,0.0,0.0,24.9,1018*0C05
$$PIGPEN,3,18:50:37,53.06901,-0.81315,00021,0,0,8,0.0,0.0,24.9,1017*BD31
$$PIGPEN,4,18:50:40,53.06901,-0.81315,00021,0,0,8,0.0,0.0,24.9,1017*14ED
$$PIGPEN,5,18:50:42,53.06901,-0.81315,00021,0,0,9,0.0,0.0,24.9,1017*374D
$$PIGPEN,6,18:50:45,53.06901,-0.81315,00021,0,0,9,0.0,0.0,24.9,1017*9CC9
$$PIGPEN,7,18:50:48,53.06901,-0.81315,00021,0,0,9,0.0,0.0,24.9,1017*D8AC
$$PIGPEN,8,18:50:50,53.06901,-0.81315,00021,0,0,9,0.0,0.0,24.9,1017*5FAA
$$PIGPEN,9,18:50:53,53.06902,-0.81315,00022,0,0,10,0.0,0.0,24.9,1017*951B
$$PIGPEN,10,18:50:56,53.06901,-0.81315,00022,0,0,9,0.0,0.0,24.9,1017*0226
$$PIGPEN,11,18:50:58,53.06901,-0.81315,00022,0,0,9,0.0,0.0,24.9,1018*6021
$$PIGPEN,12,18:51:01,53.06901,-0.81315,00022,0,0,9,0.0,0.0,24.9,1018*EFF5
$$PIGPEN,13,18:51:04,53.06901,-0.81315,00022,0,0,9,0.0,0.0,24.9,1018*1015
$$PIGPEN,14,18:51:07,53.06901,-0.81315,00022,0,0,9,0.0,0.0,24.9,1017*E2B6
$$PIGPEN,15,18:51:09,53.06901,-0.81315,00022,0,0,10,0.0,0.0,24.9,1017*0AF0
$$PIGPEN,16,18:51:12,53.06901,-0.81315,00022,0,0,9,0.0,0.0,24.9,1017*A6FB
$$PIGPEN,17,18:51:15,53.06901,-0.81315,00022,0,0,10,0.0,0.0,24.9,1017*CE76
$$PIGPEN,18,18:51:18,53.06901,-0.81315,00022,0,0,9,0.0,0.0,24.9,1017*CE34
$$PIGPEN,19,18:51:20,53.06901,-0.81315,00021,0,0,9,0.0,0.0,24.9,1017*1AA1
Interface wlan0 has IP Address: 192.168.0.100
Free SD space = 26280.6MB
Interface wlan0 has IP Address: 192.168.0.100
Free SD space = 26280.5MB
$$PIGPEN,1,19:09:06,53.06903,-0.81313,00018,0,0,11,0.0,0.0,24.3,1018*5FDB
$$PIGPEN,2,19:09:08,53.06903,-0.81313,00018,0,0,11,0.0,0.0,24.3,1018*5E9C
$$PIGPEN,3,19:09:20,53.06903,-0.81313,00018,0,0,11,0.0,0.0,24.3,1018*E094
$$PIGPEN,4,19:09:33,53.06903,-0.81313,00017,0,0,11,0.0,0.0,24.3,1017*6F82
$$PIGPEN,5,19:09:45,53.06903,-0.81313,00018,0,0,11,0.0,0.0,24.3,1018*DD96
$$PIGPEN,6,19:09:57,53.06902,-0.81313,00018,0,0,11,0.0,0.0,24.3,1018*FA2A
$$PIGPEN,7,19:10:09,53.06902,-0.81313,00018,0,0,11,0.0,0.0,24.3,1018*C891
$$PIGPEN,8,19:10:21,53.06902,-0.81313,00017,0,0,11,0.0,0.0,24.2,1017*11CD
$$PIGPEN,9,19:10:33,53.06902,-0.81313,00017,0,0,11,0.0,0.0,24.2,1017*D40C
$$PIGPEN,10,19:10:45,53.06902,-0.81312,00017,0,0,11,0.0,0.0,24.3,1017*4316
$$PIGPEN,11,19:10:57,53.06903,-0.81312,00017,0,0,10,0.0,0.0,24.3,1017*E028
$$PIGPEN,12,19:11:10,53.06903,-0.81312,00018,0,0,10,0.0,0.0,24.3,1017*A851
$$PIGPEN,13,19:11:22,53.06903,-0.81311,00017,0,0,9,0.0,0.0,24.3,1017*B4E0
$$PIGPEN,14,19:11:34,53.06903,-0.81311,00019,0,0,10,0.0,0.0,24.3,1017*C163
$$PIGPEN,15,19:11:46,53.06903,-0.81310,00020,0,0,10,0.0,0.0,24.3,1017*7489
$$PIGPEN,16,19:11:58,53.06903,-0.81310,00020,0,0,9,0.0,0.0,24.4,1017*9A45
$$PIGPEN,17,19:12:10,53.06903,-0.81310,00020,0,0,10,0.0,0.0,24.4,1017*4EDA
$$PIGPEN,18,19:12:22,53.06903,-0.81310,00019,0,0,10,0.0,0.0,24.4,1017*3669
$$PIGPEN,19,19:12:34,53.06903,-0.81309,00018,0,0,10,0.0,0.0,24.4,1017*28F9
$$PIGPEN,20,19:12:47,53.06905,-0.81309,00019,0,0,10,0.0,0.0,24.4,1017*DFA2
$$PIGPEN,21,19:12:59,53.06905,-0.81308,00020,0,0,11,0.0,0.0,24.4,1017*E734
$$PIGPEN,22,19:13:11,53.06905,-0.81308,00020,0,0,10,0.0,0.0,24.4,1017*DB49
$$PIGPEN,23,19:13:23,53.06905,-0.81309,00020,0,0,9,0.0,0.0,24.4,1017*CB39
$$PIGPEN,24,19:13:35,53.06906,-0.81309,00018,0,0,9,0.0,0.0,24.4,1017*7818
$$PIGPEN,25,19:13:47,53.06905,-0.81309,00019,0,0,10,0.0,0.0,24.5,1017*059A
$$PIGPEN,26,19:13:59,53.06905,-0.81309,00019,0,0,11,0.0,0.0,24.5,1017*9EB1
$$PIGPEN,27,19:14:12,53.06905,-0.81309,00020,0,0,10,0.0,0.0,24.4,1017*3B66
$$PIGPEN,28,19:14:24,53.06903,-0.81310,00021,0,0,10,0.0,0.0,24.4,1017*9AC1
$$PIGPEN,29,19:14:36,53.06903,-0.81310,00020,0,0,10,0.0,0.0,24.4,1017*F361
$$PIGPEN,30,19:14:48,53.06903,-0.81310,00020,0,229,10,0.0,0.0,24.4,1017*4F19
$$PIGPEN,31,19:15:00,53.06903,-0.81310,00021,0,0,10,0.0,0.0,24.5,1017*F5E7
$$PIGPEN,32,19:15:12,53.06903,-0.81310,00021,0,0,10,0.0,0.0,24.5,1017*6ABB
$$PIGPEN,33,19:15:25,53.06902,-0.81310,00022,0,0,10,0.0,0.0,24.5,1017*2050
$$PIGPEN,34,19:15:37,53.06902,-0.81309,00022,0,0,10,0.0,0.0,24.5,1017*34DE
$$PIGPEN,35,19:15:40,53.06902,-0.81309,00022,0,0,10,0.0,0.0,24.5,1017*23BA
$$PIGPEN,36,19:15:52,53.06902,-0.81310,00021,0,0,11,0.0,0.0,24.5,1017*B893
$$PIGPEN,37,19:16:04,53.06902,-0.81310,00021,0,0,10,0.0,0.0,24.5,1017*6B5D
$$PIGPEN,38,19:16:16,53.06902,-0.81311,00019,0,0,9,0.0,0.0,24.5,1017*CD05
$$PIGPEN,39,19:16:28,53.06903,-0.81310,00019,0,0,10,0.0,0.0,24.5,1017*18C6
$$PIGPEN,40,19:16:40,53.06903,-0.81310,00019,0,0,10,0.0,0.0,24.5,1017*CDF8
$$PIGPEN,41,19:16:52,53.06903,-0.81310,00019,0,0,10,0.0,0.0,24.5,1017*0839
$$PIGPEN,42,19:17:05,53.06903,-0.81311,00019,0,0,9,0.0,0.0,24.5,1017*135A
Interface wlan0 has IP Address: 192.168.0.100
Free SD space = 26279.2MB
Interface wlan0 has IP Address: 192.168.0.100
Free SD space = 26279.1MB
$$PIGPEN,1,19:36:03,53.06903,-0.81310,00016,0,0,8,0.0,0.0,24.1,1018*D5AF
$$PIGPEN,2,19:36:05,53.06903,-0.81310,00017,0,0,9,0.0,0.0,24.1,1018*58E4
$$PIGPEN,3,19:36:17,53.06903,-0.81310,00018,0,0,6,0.0,0.0,24.1,1018*D8C3
$$PIGPEN,4,19:36:29,53.06903,-0.81310,00016,0,0,8,0.0,0.0,24.1,1017*3B8C
$$PIGPEN,5,19:36:41,53.06903,-0.81310,00016,0,0,9,0.0,0.0,24.1,1017*A474
$$PIGPEN,6,19:36:53,53.06903,-0.81311,00019,0,0,9,0.0,0.0,24.1,1017*3ED6
Interface wlan0 has IP Address: 192.168.0.100
Free SD space = 26278.7MB
Interface wlan0 has IP Address: 192.168.0.100
Free SD space = 26278.7MB
$$PIGPEN,1,19:53:11,53.06905,-0.81313,00021,0,0,8,0.0,0.0,23.5,1017*E203
$$PIGPEN,2,19:53:14,53.06905,-0.81313,00021,0,0,8,0.0,0.0,23.5,1017*236E
Interface wlan0 has IP Address: 192.168.0.100
Free SD space = 26278.7MB
Interface wlan0 has IP Address: 192.168.0.100
Free SD space = 26278.6MB
$$PIGPEN,1,19:54:08,53.06903,-0.81312,00023,0,0,6,0.0,0.0,23.4,1017*F530
$$PIGPEN,2,19:54:10,53.06903,-0.81312,00025,0,0,6,0.0,0.0,23.4,1017*7881
$$PIGPEN,3,19:54:22,53.06905,-0.81313,00021,0,0,7,0.0,0.0,23.4,1017*A2F9
$$PIGPEN,4,19:54:34,53.06905,-0.81312,00020,0,0,6,0.0,0.0,23.4,1017*CEF7
$$PIGPEN,5,19:54:46,53.06903,-0.81312,00015,0,0,7,0.0,0.0,23.4,1017*7248
$$PIGPEN,6,19:54:59,53.06905,-0.81312,00021,0,0,8,0.0,0.0,23.4,1017*7FF7
$$PIGPEN,7,19:55:11,53.06903,-0.81313,00019,0,0,8,0.0,0.0,23.4,1017*416F
$$PIGPEN,8,19:55:23,53.06905,-0.81312,00016,0,0,8,0.0,0.0,23.4,1017*3F95
$$PIGPEN,9,19:55:35,53.06903,-0.81313,00012,0,0,8,0.0,0.0,23.4,1017*CACC
$$PIGPEN,10,19:55:47,53.06900,-0.81313,00004,0,0,6,0.0,0.0,23.4,1017*1251
$$PIGPEN,11,19:55:59,53.06899,-0.81313,00001,0,0,7,0.0,0.0,23.4,1017*0C60
$$PIGPEN,12,19:56:11,53.06900,-0.81313,00007,0,0,8,0.0,0.0,23.5,1017*BACB
$$PIGPEN,13,19:56:23,53.06903,-0.81313,00014,0,0,7,0.0,0.0,23.5,1017*9ABF
$$PIGPEN,14,19:56:35,53.06902,-0.81313,00017,0,0,6,0.0,0.0,23.5,1017*1D54
$$PIGPEN,15,19:56:38,53.06903,-0.81312,00017,0,0,6,0.0,0.0,23.5,1017*39BC
$$PIGPEN,16,19:56:50,53.06902,-0.81313,00020,0,0,7,0.0,0.0,23.5,1017*D4EB
$$PIGPEN,17,19:57:02,53.06903,-0.81313,00023,0,0,8,0.0,0.0,23.5,1017*83E3
$$PIGPEN,18,19:57:14,53.06901,-0.81314,00020,0,0,8,0.0,0.0,23.6,1017*57B2
$$PIGPEN,19,19:57:26,53.06901,-0.81315,00020,0,0,7,0.0,0.0,23.6,1017*B89F
$$PIGPEN,20,19:57:39,53.06900,-0.81315,00018,0,0,7,0.0,0.0,23.6,1017*8656
$$PIGPEN,21,19:57:51,53.06903,-0.81314,00022,0,0,8,0.0,0.0,23.6,1017*A27C
$$PIGPEN,22,19:58:03,53.06903,-0.81313,00023,0,0,8,0.0,0.0,23.6,1017*7F6A
$$PIGPEN,23,19:58:15,53.06903,-0.81313,00019,0,0,8,0.0,0.0,23.6,1017*2779
$$PIGPEN,24,19:58:27,53.06903,-0.81313,00017,0,0,7,0.0,0.0,23.6,1017*8591
$$PIGPEN,25,19:58:39,53.06903,-0.81312,00015,0,0,7,0.0,0.0,23.6,1017*014E
$$PIGPEN,26,19:58:51,53.06905,-0.81312,00015,0,0,6,0.0,0.0,23.6,1017*E7A1
$$PIGPEN,27,19:59:03,53.06903,-0.81311,00014,0,0,7,0.0,0.0,23.6,1017*649B
$$PIGPEN,28,19:59:06,53.06903,-0.81312,00016,0,0,7,0.0,0.0,23.6,1017*2BEA
$$PIGPEN,29,19:59:18,53.06903,-0.81312,00021,0,0,8,0.0,0.0,23.6,1017*2CFA
$$PIGPEN,30,19:59:30,53.06903,-0.81312,00019,0,0,7,0.0,0.0,23.6,1017*38EE
$$PIGPEN,31,19:59:42,53.06903,-0.81312,00014,0,0,8,0.0,0.0,23.6,1017*5E95
$$PIGPEN,32,19:59:55,53.06903,-0.81312,00013,0,0,8,0.0,0.0,23.6,1017*2F4A
$$PIGPEN,33,20:00:07,53.06903,-0.81313,00012,0,0,8,0.0,0.0,23.6,1017*9D5E
$$PIGPEN,34,20:00:19,53.06903,-0.81313,00016,0,0,8,0.0,0.0,23.6,1017*59A6
$$PIGPEN,35,20:00:31,53.06903,-0.81313,00016,0,0,8,0.0,0.0,23.6,1017*5199
$$PIGPEN,36,20:00:43,53.06903,-0.81312,00018,0,0,7,0.0,0.0,23.7,1017*0C3A
$$PIGPEN,37,20:00:55,53.06905,-0.81312,00024,0,0,7,0.0,0.0,23.6,1017*DB8A
$$PIGPEN,38,20:01:07,53.06905,-0.81312,00023,0,0,7,0.0,0.0,23.6,1017*7755
$$PIGPEN,39,20:01:19,53.06905,-0.81312,00022,0,0,6,0.0,0.0,23.7,1017*28C0
$$PIGPEN,40,20:01:22,53.06905,-0.81312,00021,0,0,6,0.0,0.0,23.7,1017*9B15
$$PIGPEN,41,20:01:34,53.06905,-0.81312,00018,0,0,6,0.0,0.0,23.7,1017*0DDA
$$PIGPEN,42,20:01:46,53.06905,-0.81311,00019,0,0,7,0.0,0.0,23.7,1017*A85B
$$PIGPEN,43,20:01:58,53.06905,-0.81311,00018,0,0,7,0.0,0.0,23.7,1017*6C71
$$PIGPEN,44,20:02:10,53.06903,-0.81312,00018,0,0,8,0.0,0.0,23.7,1017*A8CC
$$PIGPEN,45,20:02:23,53.06905,-0.81311,00022,0,0,9,0.0,0.0,23.7,1017*A75A
$$PIGPEN,46,20:02:35,53.06903,-0.81311,00020,0,0,8,0.0,0.0,23.7,1017*B121
$$PIGPEN,47,20:02:47,53.06903,-0.81312,00019,0,0,8,0.0,0.0,23.7,1017*1D52
$$PIGPEN,48,20:02:59,53.06903,-0.81311,00019,0,0,5,0.0,0.0,23.7,1017*A10B
$$PIGPEN,49,20:03:11,53.06902,-0.81311,00016,0,0,8,0.0,0.0,23.6,1017*D7B5
$$PIGPEN,50,20:03:14,53.06902,-0.81311,00017,0,0,8,0.0,0.0,23.6,1017*328B
$$PIGPEN,51,20:03:26,53.06902,-0.81311,00017,0,0,8,0.0,0.0,23.6,1017*F9AE
$$PIGPEN,52,20:03:38,53.06903,-0.81311,00018,0,0,8,0.0,0.0,23.6,1017*6DD6
$$PIGPEN,53,20:03:50,53.06903,-0.81311,00017,0,0,8,0.0,0.0,23.7,1017*AC5E
$$PIGPEN,54,20:04:02,53.06903,-0.81312,00016,0,0,8,0.0,0.0,23.7,1017*FED7
$$PIGPEN,55,20:04:14,53.06903,-0.81312,00017,0,0,8,0.0,0.0,23.7,1017*8178
$$PIGPEN,56,20:04:26,53.06903,-0.81311,00017,0,0,8,0.0,0.0,23.7,1017*F68A
$$PIGPEN,57,20:04:39,53.06903,-0.81311,00017,0,0,8,0.0,0.0,23.7,1017*CA70
$$PIGPEN,58,20:04:51,53.06903,-0.81311,00015,0,0,8,0.0,0.0,23.7,1017*B95C
$$PIGPEN,59,20:04:53,53.06903,-0.81311,00014,0,0,8,0.0,0.0,23.7,1017*0157
$$PIGPEN,60,20:05:06,53.06905,-0.81311,00015,0,0,8,0.0,0.0,23.7,1017*D980
$$PIGPEN,61,20:05:18,53.06905,-0.81311,00015,0,0,9,0.0,0.0,23.7,1017*8601
$$PIGPEN,62,20:05:30,53.06903,-0.81312,00015,0,0,8,0.0,0.0,23.7,1017*AB6C
$$PIGPEN,63,20:05:42,53.06903,-0.81312,00015,0,0,9,0.0,0.0,23.7,1017*F78E
$$PIGPEN,64,20:05:54,53.06903,-0.81312,00013,0,0,8,0.0,0.0,23.7,1017*DD84
$$PIGPEN,65,20:06:06,53.06905,-0.81311,00016,0,0,8,0.0,0.0,23.7,1017*70D0
$$PIGPEN,66,20:06:18,53.06905,-0.81310,00019,0,0,8,0.0,0.0,23.7,1017*8425
$$PIGPEN,67,20:06:30,53.06905,-0.81310,00017,0,0,8,0.0,0.0,23.7,1017*0C61
$$PIGPEN,68,20:06:33,53.06905,-0.81310,00018,0,0,8,0.0,0.0,23.7,1017*30D6
$$PIGPEN,69,20:06:45,53.06905,-0.81310,00017,0,0,8,0.0,0.0,23.7,1017*A236
$$PIGPEN,70,20:06:57,53.06905,-0.81310,00017,0,0,8,0.0,0.0,23.7,1017*1295
$$PIGPEN,71,20:07:09,53.06905,-0.81310,00019,0,0,8,0.0,0.0,23.7,1017*21E8
$$PIGPEN,72,20:07:21,53.06905,-0.81311,00020,0,0,9,0.0,0.0,23.7,1017*EBB8
$$PIGPEN,73,20:07:34,53.06905,-0.81311,00021,0,0,9,0.0,0.0,23.7,1017*439A
$$PIGPEN,74,20:07:46,53.06905,-0.81311,00022,0,0,8,0.0,0.0,23.7,1017*9233
$$PIGPEN,75,20:07:58,53.06905,-0.81311,00024,0,0,9,0.0,0.0,23.7,1017*402B
$$PIGPEN,76,20:08:10,53.06905,-0.81311,00024,0,0,9,0.0,0.0,23.7,1017*812F
$$PIGPEN,77,20:08:13,53.06905,-0.81311,00024,0,0,8,0.0,0.0,23.7,1017*1FEB
$$PIGPEN,78,20:08:25,53.06905,-0.81311,00024,0,0,8,0.0,0.0,23.6,1017*FD1F
$$PIGPEN,79,20:08:37,53.06905,-0.81312,00025,0,0,9,0.0,0.0,23.6,1017*0B27
$$PIGPEN,80,20:08:49,53.06905,-0.81312,00025,0,0,8,0.0,0.0,23.6,1017*F30A
$$PIGPEN,81,20:09:01,53.06905,-0.81311,00024,0,0,9,0.0,0.0,23.6,1017*F4B0
$$PIGPEN,82,20:09:13,53.06905,-0.81311,00024,0,0,9,0.0,0.0,23.7,1017*6054
$$PIGPEN,83,20:09:25,53.06905,-0.81311,00023,0,0,8,0.0,0.0,23.7,1017*6891
$$PIGPEN,84,20:09:37,53.06905,-0.81310,00022,0,0,8,0.0,0.0,23.7,1017*0F52
$$PIGPEN,85,20:09:50,53.06905,-0.81311,00022,0,0,8,0.0,0.0,23.7,1017*7946
$$PIGPEN,86,20:10:02,53.06905,-0.81311,00023,0,0,9,0.0,0.0,23.7,1017*64AE
$$PIGPEN,87,20:10:04,53.06905,-0.81311,00023,0,0,8,0.0,0.0,23.6,1017*D77C
$$PIGPEN,88,20:10:16,53.06905,-0.81311,00023,0,0,8,0.0,0.0,23.7,1017*C4B6
$$PIGPEN,89,20:10:29,53.06905,-0.81311,00022,0,0,8,0.0,0.0,23.7,1017*9914
$$PIGPEN,90,20:10:41,53.06903,-0.81311,00022,0,0,8,0.0,0.0,23.7,1017*C003
$$PIGPEN,91,20:10:53,53.06903,-0.81312,00020,0,0,8,0.0,0.0,23.6,1017*6358
$$PIGPEN,92,20:11:05,53.06903,-0.81312,00020,0,0,8,0.0,0.0,23.6,1017*5556
$$PIGPEN,93,20:11:17,53.06902,-0.81312,00018,0,0,7,0.0,0.0,23.6,1017*177A
$$PIGPEN,94,20:11:29,53.06901,-0.81312,00017,0,0,8,0.0,0.0,23.6,1017*BDBC
$$PIGPEN,95,20:11:41,53.06901,-0.81312,00015,0,0,8,0.0,0.0,23.6,1017*7733
$$PIGPEN,96,20:11:44,53.06901,-0.81312,00015,0,0,8,0.0,0.0,23.6,1017*B65E
$$PIGPEN,97,20:11:56,53.06902,-0.81312,00016,0,0,8,0.0,0.0,23.6,1017*B486
$$PIGPEN,98,20:12:08,53.06902,-0.81311,00016,0,0,9,0.0,0.0,23.6,1017*14E6
$$PIGPEN,99,20:12:20,53.06902,-0.81312,00015,0,0,9,0.0,0.0,23.6,1017*505F
$$PIGPEN,100,20:12:32,53.06903,-0.81312,00016,0,0,9,0.0,0.0,23.6,1017*4E6A
$$PIGPEN,101,20:12:45,53.06903,-0.81312,00018,0,0,7,0.0,0.0,23.6,1017*5064
$$PIGPEN,102,20:12:57,53.06903,-0.81312,00017,0,0,8,0.0,0.0,23.6,1017*EECE
$$PIGPEN,103,20:13:09,53.06903,-0.81312,00018,0,0,8,0.0,0.0,23.6,1017*9807
$$PIGPEN,104,20:13:21,53.06903,-0.81312,00017,0,0,8,0.0,0.0,23.6,1017*1660
$$PIGPEN,105,20:13:24,53.06902,-0.81312,00017,0,0,8,0.0,0.0,23.6,1017*0724
$$PIGPEN,106,20:13:36,53.06903,-0.81312,00017,0,0,8,0.0,0.0,23.6,1017*38C4
$$PIGPEN,107,20:13:48,53.06903,-0.81311,00017,0,0,8,0.0,0.0,23.6,1017*5634
$$PIGPEN,108,20:14:00,53.06903,-0.81311,00019,0,0,8,0.0,0.0,23.6,1017*7A06
$$PIGPEN,109,20:14:12,53.06905,-0.81311,00019,0,0,8,0.0,0.0,23.6,1017*D255
$$PIGPEN,110,20:14:25,53.06905,-0.81311,00019,0,0,8,0.0,0.0,23.6,1017*2EAC
$$PIGPEN,111,20:14:37,53.06903,-0.81311,00019,0,0,9,0.0,0.0,23.6,1017*58E0
$$PIGPEN,112,20:14:49,53.06903,-0.81312,00019,0,0,8,0.0,0.0,23.6,1017*D682
$$PIGPEN,113,20:15:01,53.06905,-0.81312,00020,0,0,8,0.0,0.0,23.6,1017*2387
$$PIGPEN,114,20:15:04,53.06905,-0.81312,00020,0,0,8,0.0,0.0,23.6,1017*9FF0
$$PIGPEN,115,20:15:16,53.06905,-0.81311,00019,0,0,8,0.0,0.0,23.6,1017*5EB7
$$PIGPEN,116,20:15:28,53.06905,-0.81312,00017,0,0,8,0.0,0.0,23.6,1017*C769
$$PIGPEN,117,20:15:40,53.06903,-0.81312,00017,0,0,8,0.0,0.0,23.6,1017*C114
$$PIGPEN,118,20:15:52,53.06905,-0.81312,00018,0,0,8,0.0,0.0,23.6,1017*152B
$$PIGPEN,119,20:16:04,53.06903,-0.81313,00017,0,0,8,0.0,0.0,23.6,1017*E754
$$PIGPEN,120,20:16:17,53.06905,-0.81313,00017,0,0,7,0.0,0.0,23.6,1017*5DB5
$$PIGPEN,121,20:16:29,53.06905,-0.81313,00016,0,0,8,0.0,0.0,23.6,1017*1752
$$PIGPEN,122,20:16:41,53.06905,-0.81313,00019,0,0,8,0.0,0.0,23.6,1017*ADF7
$$PIGPEN,123,20:16:44,53.06905,-0.81313,00019,0,0,8,0.0,0.0,23.6,1017*5217
$$PIGPEN,124,20:16:56,53.06905,-0.81313,00019,0,0,8,0.0,0.0,23.6,1017*FE49
$$PIGPEN,125,20:17:08,53.06905,-0.81312,00019,0,0,8,0.0,0.0,23.5,1017*0D86
$$PIGPEN,126,20:17:20,53.06905,-0.81312,00018,0,0,8,0.0,0.0,23.6,1017*B060
$$PIGPEN,127,20:17:32,53.06905,-0.81311,00018,0,0,8,0.0,0.0,23.6,1017*DDF3
$$PIGPEN,128,20:17:44,53.06905,-0.81311,00018,0,0,8,0.0,0.0,23.6,1017*337F
$$PIGPEN,129,20:17:57,53.06905,-0.81311,00018,0,0,7,0.0,0.0,23.6,1017*CBF3
$$PIGPEN,130,20:18:09,53.06903,-0.81311,00018,0,0,7,0.0,0.0,23.6,1017*81C7
$$PIGPEN,131,20:18:12,53.06903,-0.81312,00018,0,0,7,0.0,0.0,23.6,1017*EAB5
$$PIGPEN,132,20:18:24,53.06903,-0.81311,00016,0,0,7,0.0,0.0,23.5,1017*060E
$$PIGPEN,133,20:18:36,53.06903,-0.81311,00017,0,0,7,0.0,0.0,23.5,1017*AC73
$$PIGPEN,134,20:18:48,53.06903,-0.81312,00014,0,0,8,0.0,0.0,23.5,1017*E5E9
$$PIGPEN,135,20:19:00,53.06905,-0.81312,00015,0,0,8,0.0,0.0,23.5,1017*F98C
$$PIGPEN,136,20:19:12,53.06903,-0.81313,00013,0,0,8,0.0,0.0,23.5,1017*6CE2
$$PIGPEN,137,20:19:24,53.06903,-0.81313,00013,0,0,7,0.0,0.0,23.5,1017*D834
$$PIGPEN,138,20:19:37,53.06903,-0.81312,00013,0,0,7,0.0,0.0,23.5,1017*BD13
$$PIGPEN,139,20:19:49,53.06903,-0.81313,00014,0,0,7,0.0,0.0,23.5,1017*17BD
$$PIGPEN,140,20:20:01,53.06903,-0.81313,00016,0,0,8,0.0,0.0,23.5,1017*F234
$$PIGPEN,141,20:20:04,53.06903,-0.81313,00014,0,0,7,0.0,0.0,23.5,1017*2C9D
$$PIGPEN,142,20:20:16,53.06901,-0.81313,00013,0,0,8,0.0,0.0,23.5,1017*52BC
$$PIGPEN,143,20:20:28,53.06900,-0.81313,00012,0,0,7,0.0,0.0,23.5,1017*F6FF
$$PIGPEN,144,20:20:40,53.06901,-0.81313,00013,0,0,8,0.0,0.0,23.5,1017*F5BE
$$PIGPEN,145,20:20:52,53.06902,-0.81313,00017,0,0,7,0.0,0.0,23.5,1017*956A
$$PIGPEN,146,20:21:04,53.06902,-0.81313,00018,0,0,7,0.0,0.0,23.4,1017*230B
$$PIGPEN,147,20:21:17,53.06902,-0.81313,00018,0,0,7,0.0,0.0,23.5,1017*3406
$$PIGPEN,148,20:21:29,53.06902,-0.81313,00017,0,0,7,0.0,0.0,23.5,1017*ED18
$$PIGPEN,149,20:21:41,53.06902,-0.81313,00018,0,0,7,0.0,0.0,23.5,1017*6930
$$PIGPEN,150,20:21:53,53.06903,-0.81313,00020,0,0,6,0.0,0.0,23.4,1017*45E8
$$PIGPEN,151,20:21:56,53.06903,-0.81313,00020,0,0,6,0.0,0.0,23.4,1017*BA08
$$PIGPEN,152,20:22:08,53.06901,-0.81313,00019,0,0,6,0.0,0.0,23.4,1017*A0BE
$$PIGPEN,153,20:22:20,53.06900,-0.81312,00019,0,0,6,0.0,0.0,23.4,1017*C80C
$$PIGPEN,154,20:22:32,53.06900,-0.81312,00019,0,0,6,0.0,0.0,23.4,1017*6452
$$PIGPEN,155,20:22:44,53.06901,-0.81312,00021,0,0,6,0.0,0.0,23.4,1017*34B9
$$PIGPEN,156,20:22:56,53.06902,-0.81313,00024,0,0,6,0.0,0.0,23.4,1017*0B5C
$$PIGPEN,157,20:23:09,53.06898,-0.81312,00018,0,0,6,0.0,0.0,23.4,1017*45BE
$$PIGPEN,158,20:23:21,53.06898,-0.81312,00017,0,0,7,0.0,0.0,23.4,1017*EFF2
$$PIGPEN,159,20:23:33,53.06897,-0.81313,00017,0,0,6,0.0,0.0,23.4,1017*FCF4
$$PIGPEN,160,20:23:45,53.06898,-0.81313,00019,0,0,7,0.0,0.0,23.4,1017*5CB1
$$PIGPEN,161,20:23:48,53.06899,-0.81313,00020,0,0,6,0.0,0.0,23.4,1017*84BB
$$PIGPEN,162,20:24:00,53.06901,-0.81313,00023,0,0,6,0.0,0.0,23.4,1017*8D51
$$PIGPEN,163,20:24:12,53.06902,-0.81313,00023,0,0,6,0.0,0.0,23.4,1017*4155
$$PIGPEN,164,20:24:24,53.06901,-0.81313,00021,0,0,7,0.0,0.0,23.4,1017*6A8F
$$PIGPEN,165,20:24:36,53.06901,-0.81313,00021,0,0,6,0.0,0.0,23.4,1017*5B59
$$PIGPEN,166,20:24:49,53.06901,-0.81313,00020,0,0,6,0.0,0.0,23.4,1017*71AE
$$PIGPEN,167,20:25:01,53.06901,-0.81313,00018,0,0,6,0.0,0.0,23.4,1017*8685
$$PIGPEN,168,20:25:13,53.06902,-0.81312,00016,0,0,6,0.0,0.0,23.4,1017*FD70
$$PIGPEN,169,20:25:25,53.06903,-0.81311,00014,0,0,6,0.0,0.0,23.4,1017*0411
$$PIGPEN,170,20:25:28,53.06903,-0.81311,00015,0,0,7,0.0,0.0,23.4,1017*84B5
$$PIGPEN,171,20:25:40,53.06903,-0.81311,00013,0,0,7,0.0,0.0,23.4,1017*48CB
$$PIGPEN,172,20:25:52,53.06903,-0.81311,00014,0,0,7,0.0,0.0,23.4,1017*51A2
$$PIGPEN,173,20:26:04,53.06903,-0.81311,00015,0,0,6,0.0,0.0,23.4,1017*340A
$$PIGPEN,174,20:26:16,53.06903,-0.81310,00013,0,0,7,0.0,0.0,23.4,1017*45FB
$$PIGPEN,175,20:26:29,53.06905,-0.81310,00017,0,0,7,0.0,0.0,23.4,1017*1C86
$$PIGPEN,176,20:26:41,53.06905,-0.81311,00022,0,0,6,0.0,0.0,23.4,1017*941D
$$PIGPEN,177,20:26:53,53.06905,-0.81311,00025,0,0,7,0.0,0.0,23.4,1017*6DE6
$$PIGPEN,178,20:27:05,53.06905,-0.81310,00025,0,0,6,0.0,0.0,23.4,1017*8CF0
$$PIGPEN,179,20:27:17,53.06905,-0.81310,00025,0,0,7,0.0,0.0,23.3,1017*7567
$$PIGPEN,180,20:27:20,53.06905,-0.81310,00025,0,0,7,0.0,0.0,23.3,1017*1C6C
$$PIGPEN,181,20:27:32,53.06905,-0.81310,00023,0,0,7,0.0,0.0,23.3,1017*7E3C
$$PIGPEN,182,20:27:44,53.06903,-0.81310,00023,0,0,7,0.0,0.0,23.3,1017*5004
$$PIGPEN,183,20:27:56,53.06905,-0.81310,00024,0,0,7,0.0,0.0,23.3,1017*307A
$$PIGPEN,184,20:28:08,53.06905,-0.81311,00025,0,0,7,0.0,0.0,23.3,1017*EAB4
$$PIGPEN,185,20:28:21,53.06905,-0.81311,00025,0,0,7,0.0,0.0,23.3,1017*5FEF
$$PIGPEN,186,20:28:33,53.06905,-0.81311,00025,0,0,7,0.0,0.0,23.3,1017*8EAB
$$PIGPEN,187,20:28:45,53.06905,-0.81311,00025,0,0,7,0.0,0.0,23.3,1017*D984
$$PIGPEN,188,20:28:57,53.06903,-0.81310,00024,0,0,6,0.0,0.0,23.3,1017*DDF6
$$PIGPEN,189,20:29:09,53.06903,-0.81310,00024,0,0,6,0.0,0.0,23.3,1017*6EF0
$$PIGPEN,190,20:29:12,53.06903,-0.81310,00024,0,0,7,0.0,0.0,23.3,1017*06AD
$$PIGPEN,191,20:29:24,53.06903,-0.81311,00025,0,0,7,0.0,0.0,23.3,1017*D3C7
$$PIGPEN,192,20:29:36,53.06903,-0.81311,00025,0,0,7,0.0,0.0,23.3,1017*0283
$$PIGPEN,193,20:29:48,53.06903,-0.81312,00027,0,0,7,0.0,0.0,23.3,1017*E71B
$$PIGPEN,194,20:30:01,53.06905,-0.81312,00028,0,0,7,0.0,0.0,23.3,1017*E069
$$PIGPEN,195,20:30:13,53.06903,-0.81312,00027,0,0,7,0.0,0.0,23.3,1017*8DF5
$$PIGPEN,196,20:30:25,53.06903,-0.81312,00026,0,0,7,0.0,0.0,23.3,1017*E83B
$$PIGPEN,197,20:30:37,53.06903,-0.81312,00024,0,0,7,0.0,0.0,23.3,1017*8C9A
$$PIGPEN,198,20:30:49,53.06905,-0.81312,00023,0,0,7,0.0,0.0,23.3,1017*5624
$$PIGPEN,199,20:31:01,53.06905,-0.81311,00022,0,0,7,0.0,0.0,23.3,1017*8F81
$$PIGPEN,200,20:31:04,53.06903,-0.81311,00022,0,0,7,0.0,0.0,23.3,1017*CF34
$$PIGPEN,201,20:31:16,53.06903,-0.81311,00021,0,0,7,0.0,0.0,23.3,1017*EE21
$$PIGPEN,202,20:31:28,53.06903,-0.81310,00020,0,0,7,0.0,0.0,23.3,1017*BE43
$$PIGPEN,203,20:31:41,53.06903,-0.81311,00021,0,0,7,0.0,0.0,23.3,1017*895D
$$PIGPEN,204,20:31:53,53.06903,-0.81311,00021,0,0,7,0.0,0.0,23.3,1017*2503
$$PIGPEN,205,20:32:05,53.06903,-0.81310,00018,0,0,7,0.0,0.0,23.3,1017*F9FD
$$PIGPEN,206,20:32:17,53.06903,-0.81310,00018,0,0,7,0.0,0.0,23.3,1017*28B9
Interface wlan0 has IP Address: 192.168.0.100
Free SD space = 26270.2MB
Interface wlan0 has IP Address: 192.168.0.100
Free SD space = 26270.2MB
$$PIGPEN,1,20:39:29,53.06905,-0.81310,00021,0,0,6,0.0,0.0,22.8,1017*4295
$$PIGPEN,2,20:39:32,53.06905,-0.81310,00021,0,0,6,0.0,0.0,22.8,1017*9530
$$PIGPEN,3,20:39:44,53.06905,-0.81311,00020,0,0,6,0.0,0.0,22.8,1017*0982
$$PIGPEN,4,20:39:56,53.06905,-0.81311,00020,0,0,6,0.0,0.0,22.8,1017*A5DC
Interface wlan0 has IP Address: 192.168.0.100
Free SD space = 26270.0MB
Interface wlan0 has IP Address: 192.168.0.100
Free SD space = 26270.0MB
$$PIGPEN,1,20:40:22,53.06906,-0.81311,00020,0,0,6,0.0,0.0,22.8,1017*C879
$$PIGPEN,2,20:40:25,53.06905,-0.81311,00019,0,0,6,0.0,0.0,22.8,1017*ECE4
$$PIGPEN,3,20:40:37,53.06905,-0.81311,00018,0,0,6,0.0,0.0,22.8,1017*4699
$$PIGPEN,4,20:40:49,53.06905,-0.81311,00019,0,0,6,0.0,0.0,22.8,1017*AC10
Interface wlan0 has IP Address: 192.168.0.100
Free SD space = 26269.9MB
Interface wlan0 has IP Address: 192.168.0.100
Free SD space = 26269.9MB
$$PIGPEN,1,20:42:14,53.06903,-0.81312,00020,0,0,6,0.0,0.0,22.8,1017*5155
$$PIGPEN,2,20:42:17,53.06905,-0.81312,00020,0,0,6,0.0,0.0,22.8,1017*6899
$$PIGPEN,3,20:42:29,53.06902,-0.81312,00018,0,0,6,0.0,0.0,22.8,1017*8DB5
$$PIGPEN,4,20:42:41,53.06902,-0.81312,00018,0,0,5,0.0,0.0,22.8,1017*FDC5
$$PIGPEN,5,20:42:53,53.06902,-0.81312,00018,0,0,5,0.0,0.0,22.8,1017*120C
$$PIGPEN,6,20:43:05,53.06902,-0.81313,00019,0,0,6,0.0,0.0,22.8,1017*9D9F
$$PIGPEN,7,20:43:17,53.06902,-0.81314,00020,0,0,6,0.0,0.0,22.8,1017*443E
$$PIGPEN,8,20:43:29,53.06902,-0.81314,00019,0,0,6,0.0,0.0,22.8,1017*F43B
$$PIGPEN,9,20:43:41,53.06903,-0.81313,00021,0,0,6,0.0,0.0,22.8,1017*28A4
$$PIGPEN,10,20:43:53,53.06903,-0.81313,00022,0,0,5,0.0,0.0,22.8,1017*57DA
$$PIGPEN,11,20:44:05,53.06901,-0.81314,00020,0,0,5,0.0,0.0,22.8,1017*8845
$$PIGPEN,12,20:44:08,53.06900,-0.81314,00020,0,0,5,0.0,0.0,22.8,1017*1C09
$$PIGPEN,13,20:44:20,53.06900,-0.81314,00020,0,0,5,0.0,0.0,22.8,1017*1436
$$PIGPEN,14,20:44:32,53.06900,-0.81314,00019,0,0,5,0.0,0.0,22.8,1017*14BC
$$PIGPEN,15,20:44:44,53.06899,-0.81314,00016,0,0,5,0.0,0.0,22.8,1017*84A9
$$PIGPEN,16,20:44:56,53.06898,-0.81314,00014,0,0,5,0.0,0.0,22.8,1017*3021
Interface wlan0 has IP Address: 192.168.0.100
Free SD space = 26269.3MB
Interface wlan0 has IP Address: 192.168.0.100
Free SD space = 26269.2MB
$$PIGPEN,1,20:49:54,53.06903,-0.81314,00019,0,0,5,0.0,0.0,22.6,1017*35CC
$$PIGPEN,2,20:49:56,53.06903,-0.81314,00018,0,0,6,0.0,0.0,22.6,1017*C14A
$$PIGPEN,3,20:50:08,53.06901,-0.81313,00015,0,0,5,0.0,0.0,22.6,1017*7CA1
Interface wlan0 has IP Address: 192.168.0.100
Free SD space = 26269.1MB
Interface wlan0 has IP Address: 192.168.0.100
Free SD space = 26269.0MB
$$PIGPEN,1,20:54:07,53.06903,-0.81310,00033,0,0,7,0.0,0.0,22.5,1017*EE61
$$PIGPEN,2,20:54:10,53.06903,-0.81310,00032,0,0,7,0.0,0.0,22.5,1017*1227
Interface wlan0 has IP Address: 192.168.0.100
Free SD space = 26268.9MB
Interface wlan0 has IP Address: 192.168.0.100
Free SD space = 26268.9MB
$$PIGPEN,1,20:56:16,53.06902,-0.81310,00028,0,0,6,0.0,0.0,22.5,1017*E817
$$PIGPEN,2,20:56:19,53.06902,-0.81310,00027,0,0,6,0.0,0.0,22.5,1017*3DD9
Interface wlan0 has IP Address: 192.168.0.100
Free SD space = 26268.8MB
Interface wlan0 has IP Address: 192.168.0.100
Free SD space = 26268.8MB
$$PIGPEN,1,20:58:38,53.06900,-0.81311,00023,0,0,6,0.0,0.0,22.5,1017*A9F9
$$PIGPEN,2,20:58:40,53.06901,-0.81311,00023,0,0,6,0.0,0.0,22.5,1017*2A41
$$PIGPEN,3,20:58:53,53.06901,-0.81311,00023,0,0,6,0.0,0.0,22.5,1017*78EC
$$PIGPEN,4,20:59:05,53.06901,-0.81310,00022,0,0,6,0.0,0.0,22.5,1017*F865
$$PIGPEN,5,20:59:17,53.06901,-0.81311,00023,0,0,6,0.0,0.0,22.5,1017*DC31
$$PIGPEN,6,20:59:29,53.06900,-0.81311,00023,0,0,6,0.0,0.0,22.5,1017*A96A
$$PIGPEN,7,20:59:41,53.06900,-0.81311,00024,0,0,6,0.0,0.0,22.5,1017*20A0
$$PIGPEN,8,20:59:53,53.06900,-0.81311,00023,0,0,6,0.0,0.0,22.5,1017*BEE7
$$PIGPEN,9,20:59:56,53.06901,-0.81311,00023,0,0,6,0.0,0.0,22.5,1017*AFA3
$$PIGPEN,10,21:00:08,53.06901,-0.81311,00023,0,0,6,0.0,0.0,22.5,1017*6FD6
$$PIGPEN,11,21:00:20,53.06900,-0.81311,00023,0,0,6,0.0,0.0,22.5,1017*894D
$$PIGPEN,12,21:00:32,53.06901,-0.81311,00023,0,0,6,0.0,0.0,22.5,1017*B6AD
$$PIGPEN,13,21:00:44,53.06901,-0.81311,00023,0,0,6,0.0,0.0,22.5,1017*E182
$$PIGPEN,14,21:00:56,53.06900,-0.81312,00023,0,0,6,0.0,0.0,22.5,1017*2122
Interface wlan0 has IP Address: 192.168.0.100
Free SD space = 26268.2MB
Interface wlan0 has IP Address: 192.168.0.100
Free SD space = 26268.2MB
$$PIGPEN,1,21:02:37,53.06901,-0.81311,00020,0,0,6,0.0,0.0,22.6,1017*5723
$$PIGPEN,2,21:02:39,53.06901,-0.81311,00020,0,0,6,0.0,0.0,22.6,1017*FA46
$$PIGPEN,3,21:02:51,53.06901,-0.81311,00020,0,0,6,0.0,0.0,22.5,1017*7541
$$PIGPEN,4,21:03:03,53.06901,-0.81311,00021,0,0,6,0.0,0.0,22.6,1017*60D3
$$PIGPEN,5,21:03:16,53.06901,-0.81311,00021,0,0,6,0.0,0.0,22.6,1017*8D45
$$PIGPEN,6,21:03:28,53.06901,-0.81311,00021,0,0,6,0.0,0.0,22.6,1017*16BA
$$PIGPEN,7,21:03:40,53.06901,-0.81310,00022,0,0,6,0.0,0.0,22.6,1017*17A8
$$PIGPEN,8,21:03:52,53.06901,-0.81310,00023,0,0,6,0.0,0.0,22.5,1017*CA96
$$PIGPEN,9,21:04:04,53.06902,-0.81310,00023,0,0,6,0.0,0.0,22.6,1017*2499
$$PIGPEN,10,21:04:16,53.06902,-0.81311,00024,0,0,6,0.0,0.0,22.6,1017*A13F
$$PIGPEN,11,21:04:19,53.06902,-0.81310,00023,0,0,5,0.0,0.0,22.6,1017*BBB7
$$PIGPEN,12,21:04:31,53.06901,-0.81310,00023,0,0,6,0.0,0.0,22.6,1017*DCC8
$$PIGPEN,13,21:04:43,53.06902,-0.81310,00023,0,0,6,0.0,0.0,22.6,1017*7DF8
$$PIGPEN,14,21:04:55,53.06902,-0.81310,00024,0,0,6,0.0,0.0,22.6,1017*CC59
$$PIGPEN,15,21:05:07,53.06903,-0.81309,00025,0,0,5,0.0,0.0,22.6,1017*2EBB
$$PIGPEN,16,21:05:19,53.06902,-0.81309,00023,0,0,5,0.0,0.0,22.6,1017*F295
$$PIGPEN,17,21:05:31,53.06902,-0.81309,00023,0,0,5,0.0,0.0,22.6,1017*FAAA
$$PIGPEN,18,21:05:43,53.06902,-0.81310,00022,0,0,5,0.0,0.0,22.6,1017*62E3
$$PIGPEN,19,21:05:55,53.06902,-0.81310,00022,0,0,5,0.0,0.0,22.6,1017*58F8
Interface wlan0 has IP Address: 192.168.0.100
Free SD space = 26267.5MB
Interface wlan0 has IP Address: 192.168.0.100
Free SD space = 26267.5MB
$$PIGPEN,1,21:12:13,53.06901,-0.81311,00017,0,0,6,0.0,0.0,22.4,1017*8E0E
$$PIGPEN,2,21:12:16,53.06901,-0.81311,00018,0,0,6,0.0,0.0,22.4,1017*8AAC
$$PIGPEN,3,21:12:28,53.06901,-0.81311,00019,0,0,5,0.0,0.0,22.4,1017*186A
$$PIGPEN,4,21:12:40,53.06901,-0.81311,00020,0,0,6,0.0,0.0,22.4,1017*C4CE
$$PIGPEN,5,21:12:52,53.06900,-0.81311,00021,0,0,6,0.0,0.0,22.3,1017*4856
$$PIGPEN,6,21:13:04,53.06901,-0.81310,00020,0,0,6,0.0,0.0,22.4,1017*9320
$$PIGPEN,7,21:13:17,53.06901,-0.81310,00019,0,0,6,0.0,0.0,22.3,1017*A518
$$PIGPEN,8,21:13:29,53.06901,-0.81310,00018,0,0,6,0.0,0.0,22.3,1017*FC7D
$$PIGPEN,9,21:13:31,53.06901,-0.81310,00018,0,0,6,0.0,0.0,22.3,1017*C2D8
$$PIGPEN,10,21:13:43,53.06901,-0.81309,00018,0,0,6,0.0,0.0,22.3,1017*8AED
$$PIGPEN,11,21:13:56,53.06902,-0.81309,00018,0,0,6,0.0,0.0,22.4,1017*8CF7
$$PIGPEN,12,21:14:08,53.06901,-0.81309,00018,0,0,5,0.0,0.0,22.4,1017*5B10
$$PIGPEN,13,21:14:20,53.06901,-0.81309,00016,0,0,6,0.0,0.0,22.4,1017*A154
$$PIGPEN,14,21:14:32,53.06901,-0.81310,00015,0,0,6,0.0,0.0,22.4,1017*2575
Interface wlan0 has IP Address: 192.168.0.100
Free SD space = 26267.0MB
Interface wlan0 has IP Address: 192.168.0.100
Free SD space = 26267.0MB
$$PIGPEN,1,21:19:18,53.06900,-0.81311,00013,0,0,6,0.0,0.0,22.3,1017*A5B1
$$PIGPEN,2,21:19:20,53.06900,-0.81311,00013,0,0,5,0.0,0.0,22.3,1017*F375
$$PIGPEN,3,21:19:32,53.06900,-0.81311,00013,0,0,5,0.0,0.0,22.3,1017*1CBC
Interface wlan0 has IP Address: 192.168.0.100
Free SD space = 26266.9MB
Interface wlan0 has IP Address: 192.168.0.100
Free SD space = 26266.9MB
$$PIGPEN,1,21:21:31,53.06901,-0.81311,00015,0,0,6,0.0,0.0,22.2,1017*CB67
$$PIGPEN,2,21:21:34,53.06900,-0.81311,00015,0,0,6,0.0,0.0,22.2,1017*E4AE
$$PIGPEN,3,21:21:46,53.06901,-0.81312,00016,0,0,6,0.0,0.0,22.2,1017*C471
$$PIGPEN,4,21:21:58,53.06902,-0.81312,00015,0,0,5,0.0,0.0,22.2,1017*9969
$$PIGPEN,5,21:22:10,53.06901,-0.81312,00016,0,0,6,0.0,0.0,22.2,1017*EEB3
$$PIGPEN,6,21:22:22,53.06901,-0.81312,00017,0,0,5,0.0,0.0,22.2,1017*2CAF
$$PIGPEN,7,21:22:34,53.06901,-0.81312,00016,0,0,6,0.0,0.0,22.2,1017*2100
$$PIGPEN,8,21:22:47,53.06901,-0.81312,00016,0,0,5,0.0,0.0,22.2,1017*D53A
Interface wlan0 has IP Address: 192.168.0.100
Free SD space = 26266.6MB
Interface wlan0 has IP Address: 192.168.0.100
Free SD space = 26266.6MB
$$PIGPEN,1,21:54:12,53.06902,-0.81313,00022,0,0,5,0.0,0.0,21.8,1017*1E96
$$PIGPEN,2,21:54:14,53.06902,-0.81313,00023,0,0,5,0.0,0.0,21.8,1017*4DC2
